

Software Version,3.17.17



Experiment File Path:,Z:\James\Data\2025-12-12 Erick Sweep vs Slow\SlowExperiment.xpt
Protocol File Path:,C:\Users\Public\Documents\Protocols\384_Genera_kinetic_slow.prt



Plate Number,Plate 2
Date,2025-12-12
Time,2:19:25 PM
Reader Type:,Synergy H1
Reader Serial Number:,2405150F
Reading Type,Reader

Procedure Details

Plate Type,Corning 384 film bottom (Use plate lid)
Discontinuous Kinetics,Runtime 0:00:01 (D:HH:MM), Interval 0:00:01, 2 Reads
,Pause after each run
Read,Absorbance Endpoint
,Full Plate
,Wavelengths:  600
,Read Speed: Normal,  Delay: 100 msec,  Measurements/Data Point: 8

600

Time,0:00:00,1:00:01,2:00:01,3:00:01,4:00:01,5:00:01,6:00:01,7:00:01,8:00:01,9:00:01,10:00:01,
T° 600,26.0,26.5,26.7,26.6,26.5,26.4,26.3,26.1,26.0,25.9,25.8,
A1,0.211,0.301,0.357,0.404,0.452,0.474,0.496,0.517,0.537,0.562,0.587,
A2,0.224,0.294,0.359,0.412,0.457,0.476,0.496,0.519,0.541,0.561,0.582,
A3,0.231,0.297,0.361,0.418,0.452,0.474,0.493,0.519,0.539,0.557,0.580,
A4,0.225,0.288,0.353,0.409,0.444,0.467,0.488,0.515,0.536,0.555,0.579,
A5,0.231,0.295,0.359,0.417,0.449,0.473,0.495,0.522,0.542,0.558,0.584,
A6,0.231,0.294,0.356,0.409,0.447,0.472,0.495,0.522,0.545,0.563,0.583,
A7,0.235,0.305,0.366,0.421,0.460,0.489,0.508,0.535,0.559,0.575,0.597,
A8,0.231,0.300,0.363,0.419,0.460,0.488,0.508,0.532,0.554,0.573,0.594,
A9,0.235,0.304,0.366,0.417,0.458,0.484,0.503,0.528,0.547,0.569,0.586,
A10,0.239,0.304,0.368,0.421,0.464,0.491,0.512,0.536,0.557,0.577,0.596,
A11,0.243,0.308,0.379,0.435,0.475,0.499,0.521,0.543,0.564,0.583,0.601,
A12,0.233,0.310,0.380,0.430,0.477,0.504,0.524,0.545,0.570,0.592,0.612,
A13,0.235,0.310,0.383,0.431,0.478,0.506,0.526,0.550,0.575,0.596,0.613,
A14,0.245,0.307,0.367,0.421,0.462,0.488,0.511,0.531,0.557,0.574,0.599,
A15,0.233,0.299,0.360,0.416,0.457,0.485,0.508,0.528,0.549,0.569,0.588,
A16,0.235,0.294,0.369,0.425,0.467,0.496,0.520,0.540,0.562,0.583,0.604,
A17,0.236,0.298,0.363,0.425,0.465,0.494,0.515,0.542,0.562,0.580,0.603,
A18,0.229,0.301,0.359,0.413,0.454,0.485,0.507,0.530,0.550,0.571,0.592,
A19,0.218,0.291,0.347,0.401,0.442,0.471,0.492,0.519,0.539,0.562,0.583,
A20,0.213,0.287,0.341,0.397,0.435,0.467,0.490,0.515,0.535,0.560,0.581,
A21,0.232,0.312,0.357,0.406,0.444,0.476,0.494,0.518,0.540,0.561,0.583,
A22,0.206,0.286,0.339,0.390,0.432,0.463,0.482,0.506,0.529,0.551,0.571,
A23,0.234,0.346,0.381,0.415,0.457,0.491,0.503,0.524,0.557,0.580,0.600,
A24,0.199,0.280,0.350,0.396,0.442,0.475,0.500,0.522,0.545,0.580,0.604,
B1,0.233,0.292,0.346,0.402,0.465,0.484,0.496,0.518,0.530,0.550,0.573,
B2,0.224,0.277,0.332,0.386,0.427,0.451,0.475,0.498,0.517,0.537,0.558,
B3,0.231,0.288,0.345,0.396,0.439,0.464,0.485,0.510,0.531,0.549,0.570,
B4,0.227,0.276,0.332,0.387,0.427,0.452,0.476,0.502,0.521,0.540,0.559,
B5,0.224,0.278,0.338,0.390,0.434,0.458,0.481,0.508,0.527,0.545,0.566,
B6,0.241,0.285,0.344,0.397,0.436,0.461,0.483,0.509,0.527,0.543,0.562,
B7,0.235,0.297,0.359,0.417,0.462,0.482,0.511,0.531,0.553,0.570,0.598,
B8,0.230,0.281,0.340,0.394,0.437,0.464,0.486,0.512,0.533,0.551,0.569,
B9,0.224,0.287,0.344,0.402,0.443,0.470,0.494,0.519,0.542,0.561,0.580,
B10,0.247,0.299,0.360,0.410,0.452,0.478,0.501,0.525,0.545,0.565,0.580,
B11,0.232,0.293,0.353,0.407,0.449,0.476,0.500,0.525,0.546,0.568,0.588,
B12,0.256,0.302,0.357,0.411,0.452,0.478,0.500,0.524,0.543,0.565,0.581,
B13,0.245,0.298,0.356,0.411,0.456,0.481,0.504,0.528,0.550,0.569,0.586,
B14,0.261,0.311,0.365,0.416,0.454,0.480,0.504,0.526,0.548,0.565,0.581,
B15,0.259,0.319,0.373,0.426,0.467,0.496,0.519,0.543,0.563,0.582,0.600,
B16,0.285,0.340,0.390,0.438,0.474,0.501,0.523,0.543,0.564,0.583,0.600,
B17,0.267,0.323,0.376,0.426,0.467,0.493,0.513,0.536,0.557,0.576,0.594,
B18,0.267,0.323,0.371,0.424,0.464,0.491,0.510,0.533,0.551,0.574,0.590,
B19,0.246,0.311,0.360,0.410,0.451,0.483,0.500,0.525,0.546,0.569,0.588,
B20,0.254,0.320,0.365,0.414,0.453,0.481,0.502,0.529,0.550,0.570,0.590,
B21,0.246,0.316,0.361,0.412,0.451,0.481,0.503,0.529,0.553,0.572,0.594,
B22,0.234,0.298,0.349,0.399,0.441,0.470,0.488,0.513,0.538,0.557,0.577,
B23,0.218,0.290,0.341,0.390,0.430,0.458,0.479,0.501,0.524,0.547,0.568,
B24,0.233,0.325,0.370,0.413,0.446,0.478,0.497,0.515,0.543,0.567,0.588,
C1,0.244,0.315,0.378,0.429,0.464,0.484,0.509,0.527,0.547,0.566,0.589,
C2,0.238,0.298,0.364,0.417,0.454,0.477,0.503,0.526,0.546,0.565,0.586,
C3,0.231,0.289,0.351,0.403,0.440,0.464,0.486,0.513,0.533,0.554,0.577,
C4,0.248,0.297,0.358,0.412,0.451,0.473,0.498,0.525,0.546,0.563,0.588,
C5,0.240,0.296,0.356,0.410,0.449,0.472,0.496,0.522,0.545,0.563,0.584,
C6,0.247,0.301,0.358,0.410,0.450,0.474,0.498,0.525,0.546,0.565,0.587,
C7,0.253,0.306,0.366,0.418,0.460,0.486,0.508,0.534,0.558,0.575,0.596,
C8,0.247,0.287,0.338,0.400,0.447,0.475,0.500,0.526,0.551,0.568,0.591,
C9,0.238,0.289,0.350,0.402,0.444,0.470,0.494,0.522,0.543,0.563,0.584,
C10,0.238,0.290,0.352,0.407,0.449,0.475,0.499,0.526,0.549,0.571,0.590,
C11,0.244,0.297,0.355,0.409,0.451,0.477,0.502,0.527,0.552,0.573,0.591,
C12,0.245,0.303,0.361,0.412,0.459,0.484,0.506,0.535,0.557,0.578,0.607,
C13,0.254,0.303,0.360,0.411,0.455,0.480,0.504,0.531,0.554,0.576,0.594,
C14,0.257,0.317,0.373,0.424,0.466,0.494,0.519,0.545,0.571,0.592,0.613,
C15,0.270,0.319,0.374,0.421,0.464,0.490,0.513,0.534,0.556,0.577,0.594,
C16,0.266,0.324,0.376,0.423,0.465,0.494,0.514,0.537,0.560,0.582,0.598,
C17,0.288,0.330,0.379,0.424,0.463,0.487,0.508,0.531,0.552,0.572,0.585,
C18,0.277,0.319,0.371,0.420,0.458,0.484,0.502,0.527,0.550,0.569,0.586,
C19,0.274,0.321,0.369,0.416,0.458,0.484,0.506,0.533,0.554,0.578,0.594,
C20,0.275,0.324,0.373,0.421,0.460,0.488,0.510,0.536,0.558,0.580,0.599,
C21,0.259,0.317,0.365,0.411,0.452,0.480,0.502,0.525,0.550,0.568,0.587,
C22,0.270,0.339,0.378,0.423,0.464,0.496,0.515,0.540,0.566,0.587,0.603,
C23,0.237,0.310,0.358,0.408,0.450,0.480,0.500,0.522,0.547,0.569,0.588,
C24,0.243,0.318,0.361,0.410,0.447,0.476,0.496,0.517,0.545,0.565,0.586,
D1,0.256,0.321,0.371,0.423,0.469,0.487,0.515,0.538,0.556,0.577,0.596,
D2,0.250,0.308,0.360,0.411,0.454,0.475,0.503,0.524,0.543,0.560,0.580,
D3,0.243,0.295,0.367,0.433,0.488,0.520,0.558,0.593,0.621,0.647,0.680,
D4,0.247,0.298,0.377,0.447,0.502,0.540,0.577,0.610,0.639,0.666,0.695,
D5,0.256,0.311,0.393,0.465,0.521,0.557,0.595,0.633,0.661,0.689,0.715,
D6,0.249,0.301,0.380,0.452,0.504,0.539,0.578,0.617,0.644,0.674,0.701,
D7,0.241,0.296,0.373,0.444,0.495,0.528,0.566,0.607,0.632,0.661,0.696,
D8,0.247,0.294,0.363,0.431,0.479,0.513,0.548,0.588,0.612,0.641,0.671,
D9,0.240,0.294,0.355,0.417,0.462,0.493,0.525,0.560,0.585,0.612,0.644,
D10,0.245,0.295,0.353,0.408,0.449,0.478,0.505,0.539,0.564,0.585,0.614,
D11,0.243,0.294,0.349,0.405,0.448,0.476,0.501,0.531,0.552,0.581,0.604,
D12,0.249,0.296,0.351,0.408,0.450,0.478,0.503,0.530,0.553,0.574,0.595,
D13,0.263,0.306,0.360,0.410,0.449,0.477,0.498,0.524,0.546,0.564,0.582,
D14,0.256,0.307,0.364,0.413,0.453,0.480,0.504,0.530,0.550,0.571,0.589,
D15,0.250,0.301,0.359,0.413,0.454,0.484,0.510,0.540,0.562,0.586,0.610,
D16,0.247,0.304,0.360,0.415,0.456,0.485,0.516,0.548,0.569,0.599,0.622,
D17,0.260,0.313,0.365,0.419,0.460,0.486,0.511,0.543,0.566,0.593,0.617,
D18,0.257,0.313,0.365,0.418,0.462,0.489,0.515,0.543,0.566,0.591,0.609,
D19,0.258,0.287,0.359,0.411,0.453,0.481,0.505,0.533,0.556,0.578,0.597,
D20,0.266,0.318,0.364,0.414,0.457,0.486,0.507,0.536,0.559,0.583,0.603,
D21,0.279,0.325,0.372,0.425,0.456,0.490,0.512,0.532,0.556,0.577,0.597,
D22,0.259,0.321,0.365,0.411,0.451,0.480,0.498,0.524,0.550,0.570,0.588,
D23,0.240,0.315,0.363,0.408,0.451,0.482,0.500,0.520,0.546,0.566,0.585,
D24,0.236,0.311,0.356,0.405,0.442,0.473,0.491,0.517,0.543,0.563,0.582,
E1,0.267,0.335,0.390,0.443,0.479,0.497,0.523,0.544,0.560,0.584,0.601,
E2,0.236,0.299,0.361,0.413,0.453,0.474,0.501,0.523,0.545,0.564,0.585,
E3,0.263,0.286,0.302,0.317,0.334,0.342,0.348,0.359,0.365,0.370,0.377,
E4,0.267,0.286,0.319,0.337,0.351,0.359,0.365,0.377,0.383,0.383,0.394,
E5,0.261,0.298,0.322,0.340,0.355,0.364,0.381,0.387,0.395,0.401,0.407,
E6,0.256,0.302,0.328,0.349,0.361,0.369,0.381,0.388,0.395,0.399,0.400,
E7,0.256,0.311,0.341,0.363,0.379,0.385,0.392,0.393,0.401,0.399,0.402,
E8,0.269,0.320,0.354,0.374,0.384,0.393,0.392,0.400,0.404,0.409,0.411,
E9,0.265,0.322,0.353,0.372,0.385,0.389,0.399,0.404,0.406,0.410,0.417,
E10,0.241,0.301,0.326,0.350,0.357,0.362,0.374,0.386,0.389,0.389,0.390,
E11,0.253,0.295,0.319,0.340,0.348,0.358,0.368,0.383,0.393,0.396,0.399,
E12,0.248,0.297,0.325,0.342,0.351,0.365,0.378,0.383,0.396,0.399,0.412,
E13,0.259,0.304,0.323,0.340,0.350,0.355,0.374,0.387,0.386,0.392,0.397,
E14,0.259,0.288,0.321,0.336,0.342,0.346,0.361,0.370,0.372,0.377,0.385,
E15,0.263,0.302,0.317,0.338,0.346,0.355,0.370,0.382,0.384,0.391,0.391,
E16,0.259,0.301,0.321,0.341,0.349,0.356,0.370,0.384,0.391,0.405,0.407,
E17,0.264,0.302,0.318,0.333,0.338,0.346,0.358,0.372,0.375,0.386,0.393,
E18,0.270,0.310,0.299,0.301,0.294,0.292,0.295,0.304,0.301,0.313,0.314,
E19,0.257,0.299,0.282,0.274,0.266,0.262,0.257,0.258,0.256,0.257,0.252,
E20,0.250,0.287,0.268,0.264,0.257,0.254,0.248,0.249,0.250,0.250,0.248,
E21,0.263,0.299,0.280,0.274,0.267,0.263,0.256,0.257,0.260,0.258,0.256,
E22,0.273,0.310,0.288,0.274,0.269,0.267,0.259,0.258,0.261,0.256,0.253,
E23,0.239,0.313,0.362,0.413,0.451,0.481,0.504,0.527,0.553,0.572,0.594,
E24,0.225,0.299,0.347,0.397,0.438,0.470,0.488,0.513,0.537,0.559,0.583,
F1,0.255,0.309,0.363,0.417,0.460,0.479,0.507,0.531,0.547,0.567,0.586,
F2,0.263,0.315,0.368,0.416,0.461,0.480,0.508,0.530,0.549,0.571,0.585,
F3,0.267,0.290,0.295,0.294,0.301,0.299,0.300,0.300,0.313,0.312,0.318,
F4,0.266,0.291,0.307,0.319,0.339,0.348,0.355,0.358,0.367,0.371,0.373,
F5,0.257,0.289,0.312,0.332,0.350,0.362,0.368,0.372,0.384,0.386,0.395,
F6,0.264,0.289,0.320,0.336,0.352,0.361,0.371,0.383,0.390,0.391,0.400,
F7,0.268,0.312,0.347,0.371,0.380,0.391,0.399,0.406,0.412,0.412,0.417,
F8,0.264,0.306,0.342,0.360,0.378,0.389,0.397,0.397,0.406,0.411,0.405,
F9,0.260,0.310,0.345,0.363,0.374,0.384,0.396,0.402,0.407,0.404,0.408,
F10,0.257,0.313,0.347,0.368,0.379,0.392,0.395,0.399,0.402,0.402,0.413,
F11,0.250,0.318,0.351,0.372,0.388,0.391,0.405,0.409,0.417,0.412,0.404,
F12,0.252,0.311,0.340,0.360,0.372,0.383,0.393,0.405,0.405,0.414,0.411,
F13,0.263,0.312,0.341,0.367,0.379,0.394,0.390,0.392,0.394,0.412,0.415,
F14,0.255,0.305,0.338,0.361,0.373,0.377,0.385,0.395,0.401,0.407,0.410,
F15,0.256,0.314,0.344,0.366,0.374,0.385,0.394,0.392,0.401,0.408,0.403,
F16,0.256,0.314,0.348,0.370,0.378,0.388,0.393,0.403,0.404,0.406,0.406,
F17,0.253,0.314,0.319,0.355,0.362,0.377,0.386,0.394,0.400,0.403,0.409,
F18,0.263,0.299,0.319,0.340,0.340,0.346,0.359,0.373,0.377,0.382,0.384,
F19,0.253,0.293,0.288,0.292,0.286,0.282,0.291,0.300,0.297,0.309,0.309,
F20,0.258,0.306,0.288,0.279,0.270,0.265,0.261,0.262,0.260,0.261,0.259,
F21,0.270,0.312,0.289,0.277,0.268,0.264,0.258,0.259,0.259,0.256,0.256,
F22,0.237,0.282,0.268,0.260,0.255,0.254,0.248,0.247,0.247,0.244,0.242,
F23,0.252,0.324,0.371,0.420,0.459,0.489,0.510,0.532,0.557,0.577,0.598,
F24,0.233,0.297,0.349,0.399,0.439,0.467,0.487,0.510,0.533,0.554,0.575,
G1,0.262,0.332,0.391,0.444,0.478,0.500,0.525,0.546,0.564,0.587,0.606,
G2,0.273,0.337,0.401,0.458,0.499,0.520,0.547,0.569,0.589,0.609,0.627,
G3,0.267,0.318,0.389,0.445,0.487,0.508,0.534,0.558,0.580,0.598,0.618,
G4,0.272,0.331,0.365,0.460,0.518,0.550,0.578,0.600,0.629,0.652,0.675,
G5,0.262,0.326,0.406,0.470,0.529,0.572,0.607,0.636,0.666,0.689,0.712,
G6,0.285,0.338,0.428,0.498,0.562,0.603,0.639,0.666,0.695,0.719,0.746,
G7,0.264,0.324,0.417,0.493,0.558,0.600,0.636,0.671,0.702,0.724,0.748,
G8,0.272,0.326,0.423,0.504,0.570,0.615,0.648,0.676,0.703,0.725,0.752,
G9,0.261,0.330,0.430,0.509,0.569,0.611,0.649,0.682,0.709,0.734,0.758,
G10,0.262,0.339,0.435,0.512,0.578,0.625,0.660,0.686,0.710,0.730,0.757,
G11,0.256,0.343,0.439,0.522,0.585,0.628,0.667,0.696,0.720,0.744,0.764,
G12,0.281,0.367,0.465,0.551,0.608,0.648,0.688,0.721,0.746,0.767,0.792,
G13,0.270,0.356,0.454,0.536,0.598,0.637,0.675,0.697,0.728,0.750,0.774,
G14,0.265,0.340,0.447,0.531,0.592,0.639,0.668,0.696,0.724,0.748,0.776,
G15,0.270,0.361,0.464,0.545,0.602,0.638,0.675,0.700,0.729,0.743,0.771,
G16,0.259,0.348,0.448,0.530,0.589,0.630,0.661,0.689,0.706,0.732,0.754,
G17,0.277,0.346,0.466,0.545,0.602,0.645,0.679,0.704,0.723,0.754,0.773,
G18,0.262,0.352,0.448,0.528,0.584,0.627,0.659,0.691,0.718,0.742,0.761,
G19,0.281,0.350,0.427,0.505,0.560,0.598,0.637,0.670,0.695,0.723,0.750,
G20,0.260,0.336,0.401,0.468,0.513,0.545,0.582,0.612,0.635,0.665,0.685,
G21,0.273,0.345,0.391,0.439,0.479,0.512,0.533,0.559,0.581,0.603,0.623,
G22,0.255,0.330,0.379,0.430,0.472,0.503,0.524,0.549,0.575,0.593,0.615,
G23,0.273,0.339,0.383,0.437,0.478,0.505,0.525,0.549,0.575,0.592,0.613,
G24,0.255,0.327,0.374,0.424,0.462,0.492,0.514,0.537,0.561,0.581,0.602,
H1,0.255,0.320,0.371,0.427,0.474,0.495,0.520,0.545,0.562,0.585,0.601,
H2,0.249,0.302,0.361,0.423,0.464,0.492,0.519,0.542,0.561,0.579,0.595,
H3,0.267,0.324,0.381,0.438,0.483,0.510,0.540,0.564,0.588,0.606,0.629,
H4,0.268,0.310,0.365,0.421,0.477,0.503,0.530,0.549,0.574,0.590,0.610,
H5,0.262,0.320,0.384,0.442,0.491,0.522,0.551,0.575,0.606,0.627,0.649,
H6,0.287,0.321,0.397,0.455,0.512,0.549,0.584,0.612,0.643,0.664,0.691,
H7,0.278,0.326,0.410,0.477,0.537,0.578,0.617,0.649,0.681,0.702,0.729,
H8,0.270,0.327,0.406,0.476,0.541,0.584,0.628,0.660,0.697,0.720,0.743,
H9,0.266,0.323,0.409,0.486,0.554,0.598,0.633,0.668,0.701,0.727,0.748,
H10,0.269,0.322,0.411,0.487,0.549,0.598,0.633,0.668,0.698,0.720,0.748,
H11,0.252,0.312,0.413,0.489,0.559,0.602,0.639,0.671,0.699,0.725,0.754,
H12,0.262,0.333,0.427,0.504,0.569,0.609,0.652,0.683,0.714,0.741,0.770,
H13,0.257,0.335,0.430,0.508,0.574,0.620,0.657,0.692,0.714,0.745,0.767,
H14,0.268,0.341,0.438,0.517,0.581,0.626,0.658,0.691,0.708,0.737,0.765,
H15,0.263,0.351,0.450,0.533,0.594,0.634,0.669,0.699,0.733,0.746,0.768,
H16,0.276,0.355,0.460,0.539,0.603,0.642,0.672,0.694,0.719,0.746,0.768,
H17,0.254,0.356,0.460,0.541,0.599,0.641,0.670,0.708,0.733,0.757,0.783,
H18,0.274,0.359,0.462,0.543,0.605,0.642,0.683,0.704,0.727,0.743,0.753,
H19,0.266,0.358,0.448,0.528,0.585,0.624,0.660,0.696,0.718,0.744,0.761,
H20,0.255,0.339,0.420,0.498,0.553,0.592,0.629,0.664,0.688,0.718,0.739,
H21,0.257,0.332,0.396,0.455,0.502,0.536,0.572,0.602,0.624,0.659,0.680,
H22,0.255,0.319,0.369,0.421,0.464,0.495,0.516,0.541,0.566,0.585,0.605,
H23,0.270,0.345,0.387,0.432,0.472,0.502,0.522,0.546,0.577,0.590,0.610,
H24,0.259,0.333,0.380,0.427,0.466,0.494,0.518,0.540,0.564,0.584,0.605,
I1,0.233,0.318,0.383,0.437,0.476,0.499,0.520,0.539,0.558,0.577,0.593,
I2,0.287,0.355,0.422,0.476,0.514,0.540,0.569,0.585,0.605,0.621,0.640,
I3,0.254,0.275,0.288,0.304,0.318,0.326,0.339,0.352,0.363,0.369,0.379,
I4,0.250,0.271,0.283,0.300,0.308,0.328,0.344,0.355,0.369,0.376,0.385,
I5,0.252,0.277,0.289,0.302,0.318,0.335,0.344,0.355,0.370,0.381,0.387,
I6,0.257,0.281,0.295,0.313,0.331,0.347,0.362,0.373,0.393,0.404,0.420,
I7,0.253,0.269,0.302,0.327,0.354,0.376,0.393,0.414,0.438,0.453,0.469,
I8,0.254,0.276,0.305,0.335,0.363,0.391,0.413,0.437,0.459,0.478,0.494,
I9,0.251,0.274,0.309,0.338,0.372,0.396,0.418,0.438,0.457,0.474,0.487,
I10,0.248,0.271,0.301,0.333,0.364,0.397,0.422,0.446,0.475,0.498,0.516,
I11,0.249,0.274,0.302,0.333,0.363,0.390,0.413,0.435,0.465,0.481,0.498,
I12,0.259,0.288,0.333,0.371,0.404,0.434,0.457,0.477,0.501,0.520,0.536,
I13,0.258,0.294,0.351,0.381,0.419,0.455,0.467,0.486,0.508,0.539,0.544,
I14,0.250,0.297,0.351,0.387,0.424,0.456,0.480,0.499,0.516,0.525,0.538,
I15,0.258,0.301,0.352,0.390,0.424,0.445,0.458,0.469,0.488,0.498,0.506,
I16,0.242,0.292,0.346,0.390,0.425,0.453,0.475,0.499,0.516,0.533,0.546,
I17,0.245,0.302,0.357,0.398,0.435,0.470,0.493,0.509,0.533,0.540,0.559,
I18,0.249,0.318,0.377,0.425,0.454,0.487,0.508,0.517,0.526,0.550,0.565,
I19,0.249,0.314,0.372,0.412,0.444,0.465,0.487,0.509,0.521,0.524,0.537,
I20,0.254,0.311,0.363,0.403,0.435,0.459,0.480,0.497,0.508,0.531,0.522,
I21,0.240,0.296,0.334,0.374,0.400,0.424,0.451,0.474,0.490,0.519,0.536,
I22,0.251,0.298,0.311,0.332,0.345,0.364,0.382,0.400,0.415,0.441,0.453,
I23,0.285,0.349,0.401,0.448,0.486,0.517,0.539,0.563,0.591,0.606,0.625,
I24,0.263,0.342,0.390,0.439,0.479,0.510,0.533,0.555,0.581,0.598,0.618,
J1,0.240,0.305,0.360,0.415,0.462,0.491,0.513,0.534,0.553,0.573,0.589,
J2,0.247,0.299,0.357,0.409,0.457,0.479,0.509,0.530,0.548,0.566,0.586,
J3,0.247,0.278,0.289,0.307,0.322,0.336,0.349,0.363,0.377,0.388,0.394,
J4,0.266,0.279,0.287,0.302,0.313,0.324,0.334,0.347,0.358,0.362,0.368,
J5,0.249,0.267,0.276,0.290,0.301,0.316,0.325,0.333,0.344,0.357,0.363,
J6,0.252,0.273,0.284,0.300,0.317,0.332,0.340,0.355,0.367,0.384,0.391,
J7,0.245,0.273,0.290,0.306,0.323,0.340,0.351,0.362,0.381,0.389,0.401,
J8,0.272,0.286,0.300,0.316,0.334,0.352,0.361,0.374,0.388,0.399,0.408,
J9,0.259,0.274,0.302,0.327,0.357,0.383,0.398,0.417,0.441,0.453,0.467,
J10,0.254,0.264,0.297,0.326,0.358,0.385,0.404,0.424,0.447,0.464,0.481,
J11,0.252,0.272,0.305,0.332,0.367,0.396,0.419,0.436,0.458,0.479,0.496,
J12,0.268,0.285,0.320,0.353,0.384,0.408,0.424,0.443,0.460,0.472,0.486,
J13,0.246,0.274,0.316,0.349,0.382,0.409,0.430,0.449,0.469,0.483,0.502,
J14,0.244,0.279,0.327,0.364,0.402,0.433,0.447,0.467,0.490,0.507,0.524,
J15,0.243,0.282,0.334,0.374,0.407,0.434,0.455,0.477,0.493,0.505,0.517,
J16,0.238,0.282,0.340,0.384,0.420,0.446,0.459,0.470,0.480,0.490,0.496,
J17,0.240,0.303,0.360,0.403,0.438,0.464,0.487,0.499,0.511,0.526,0.538,
J18,0.238,0.303,0.361,0.404,0.425,0.451,0.467,0.484,0.491,0.506,0.527,
J19,0.233,0.304,0.362,0.406,0.432,0.462,0.480,0.496,0.516,0.531,0.550,
J20,0.242,0.303,0.359,0.404,0.434,0.462,0.474,0.497,0.514,0.536,0.555,
J21,0.255,0.302,0.348,0.394,0.429,0.453,0.480,0.506,0.523,0.540,0.545,
J22,0.236,0.293,0.328,0.363,0.383,0.410,0.433,0.455,0.472,0.495,0.512,
J23,0.282,0.351,0.390,0.441,0.484,0.513,0.533,0.555,0.581,0.600,0.618,
J24,0.261,0.338,0.384,0.434,0.474,0.505,0.526,0.549,0.577,0.594,0.615,
K1,0.225,0.307,0.380,0.432,0.468,0.494,0.517,0.537,0.558,0.576,0.596,
K2,0.248,0.311,0.376,0.428,0.460,0.484,0.510,0.529,0.555,0.571,0.591,
K3,0.242,0.281,0.316,0.345,0.367,0.381,0.397,0.413,0.433,0.443,0.459,
K4,0.255,0.274,0.309,0.337,0.358,0.375,0.392,0.411,0.431,0.446,0.461,
K5,0.254,0.273,0.302,0.329,0.354,0.371,0.385,0.404,0.426,0.440,0.456,
K6,0.260,0.282,0.307,0.337,0.357,0.373,0.387,0.409,0.427,0.442,0.457,
K7,0.271,0.279,0.301,0.331,0.350,0.366,0.381,0.404,0.426,0.440,0.453,
K8,0.253,0.276,0.299,0.327,0.350,0.368,0.384,0.404,0.427,0.445,0.462,
K9,0.243,0.265,0.290,0.327,0.356,0.381,0.396,0.418,0.446,0.464,0.482,
K10,0.252,0.272,0.303,0.335,0.365,0.389,0.409,0.432,0.469,0.489,0.511,
K11,0.250,0.260,0.307,0.345,0.375,0.405,0.425,0.451,0.486,0.505,0.529,
K12,0.250,0.266,0.306,0.344,0.380,0.408,0.435,0.463,0.499,0.520,0.545,
K13,0.263,0.284,0.328,0.372,0.405,0.436,0.465,0.490,0.524,0.550,0.576,
K14,0.249,0.279,0.325,0.364,0.404,0.436,0.465,0.496,0.532,0.559,0.579,
K15,0.235,0.273,0.328,0.373,0.414,0.454,0.476,0.506,0.537,0.561,0.583,
K16,0.238,0.277,0.333,0.383,0.422,0.454,0.481,0.506,0.540,0.559,0.580,
K17,0.228,0.274,0.335,0.381,0.424,0.457,0.485,0.514,0.540,0.571,0.591,
K18,0.237,0.293,0.358,0.414,0.452,0.486,0.507,0.537,0.564,0.585,0.605,
K19,0.243,0.300,0.363,0.415,0.448,0.477,0.504,0.531,0.561,0.581,0.598,
K20,0.234,0.311,0.375,0.425,0.463,0.490,0.509,0.536,0.569,0.589,0.609,
K21,0.236,0.303,0.361,0.412,0.447,0.474,0.504,0.529,0.560,0.592,0.613,
K22,0.238,0.300,0.347,0.396,0.428,0.460,0.486,0.516,0.550,0.578,0.596,
K23,0.259,0.327,0.377,0.429,0.471,0.502,0.525,0.553,0.578,0.604,0.625,
K24,0.265,0.335,0.382,0.436,0.473,0.506,0.522,0.548,0.573,0.593,0.611,
L1,0.239,0.306,0.363,0.413,0.459,0.483,0.506,0.527,0.549,0.564,0.585,
L2,0.266,0.319,0.371,0.423,0.469,0.495,0.522,0.540,0.561,0.575,0.593,
L3,0.256,0.272,0.283,0.302,0.322,0.339,0.356,0.376,0.403,0.428,0.448,
L4,0.250,0.257,0.270,0.291,0.311,0.329,0.347,0.369,0.398,0.419,0.440,
L5,0.252,0.269,0.277,0.292,0.309,0.323,0.340,0.358,0.384,0.410,0.433,
L6,0.259,0.269,0.282,0.303,0.323,0.341,0.361,0.382,0.411,0.436,0.453,
L7,0.248,0.259,0.269,0.298,0.321,0.338,0.355,0.376,0.404,0.426,0.443,
L8,0.266,0.272,0.282,0.302,0.323,0.340,0.357,0.377,0.402,0.428,0.443,
L9,0.255,0.272,0.285,0.306,0.326,0.345,0.362,0.386,0.413,0.438,0.455,
L10,0.260,0.265,0.279,0.298,0.318,0.336,0.353,0.374,0.399,0.422,0.438,
L11,0.256,0.270,0.284,0.304,0.326,0.349,0.367,0.387,0.419,0.445,0.463,
L12,0.253,0.263,0.280,0.301,0.325,0.348,0.365,0.386,0.416,0.443,0.462,
L13,0.250,0.264,0.289,0.315,0.342,0.372,0.394,0.415,0.451,0.475,0.497,
L14,0.249,0.263,0.292,0.323,0.356,0.388,0.413,0.437,0.474,0.500,0.522,
L15,0.253,0.276,0.311,0.346,0.380,0.414,0.441,0.466,0.499,0.524,0.547,
L16,0.236,0.266,0.304,0.341,0.383,0.417,0.442,0.463,0.495,0.520,0.543,
L17,0.235,0.263,0.314,0.355,0.403,0.433,0.457,0.481,0.518,0.541,0.563,
L18,0.239,0.280,0.342,0.390,0.433,0.470,0.493,0.524,0.556,0.573,0.599,
L19,0.240,0.290,0.350,0.401,0.440,0.472,0.496,0.524,0.554,0.573,0.596,
L20,0.240,0.298,0.360,0.407,0.442,0.477,0.498,0.526,0.552,0.574,0.596,
L21,0.228,0.294,0.355,0.405,0.439,0.465,0.490,0.517,0.548,0.581,0.598,
L22,0.248,0.320,0.372,0.417,0.451,0.476,0.504,0.532,0.563,0.588,0.604,
L23,0.268,0.346,0.413,0.472,0.519,0.553,0.580,0.607,0.626,0.659,0.679,
L24,0.240,0.318,0.368,0.421,0.461,0.495,0.512,0.536,0.561,0.580,0.600,
M1,0.259,0.340,0.410,0.462,0.497,0.526,0.546,0.568,0.588,0.605,0.629,
M2,0.281,0.347,0.410,0.463,0.501,0.525,0.550,0.570,0.588,0.603,0.625,
M3,0.271,0.324,0.382,0.425,0.457,0.476,0.492,0.507,0.523,0.536,0.552,
M4,0.285,0.332,0.387,0.428,0.458,0.475,0.492,0.504,0.524,0.537,0.551,
M5,0.270,0.325,0.379,0.421,0.454,0.469,0.486,0.501,0.521,0.533,0.551,
M6,0.265,0.321,0.373,0.417,0.446,0.466,0.481,0.496,0.511,0.529,0.544,
M7,0.281,0.319,0.372,0.415,0.448,0.464,0.477,0.494,0.509,0.524,0.535,
M8,0.273,0.309,0.365,0.410,0.439,0.459,0.473,0.488,0.502,0.520,0.534,
M9,0.267,0.308,0.361,0.403,0.435,0.456,0.469,0.484,0.501,0.516,0.527,
M10,0.270,0.309,0.362,0.405,0.436,0.456,0.473,0.486,0.500,0.516,0.529,
M11,0.266,0.317,0.369,0.410,0.440,0.461,0.477,0.489,0.504,0.522,0.534,
M12,0.270,0.313,0.368,0.411,0.443,0.463,0.479,0.494,0.513,0.533,0.543,
M13,0.267,0.317,0.371,0.413,0.445,0.465,0.481,0.496,0.513,0.528,0.543,
M14,0.257,0.312,0.365,0.408,0.440,0.460,0.476,0.489,0.505,0.521,0.534,
M15,0.252,0.310,0.362,0.406,0.438,0.458,0.473,0.487,0.505,0.520,0.531,
M16,0.240,0.297,0.352,0.398,0.430,0.451,0.464,0.478,0.494,0.509,0.522,
M17,0.251,0.316,0.369,0.411,0.447,0.469,0.488,0.506,0.529,0.542,0.562,
M18,0.263,0.335,0.405,0.453,0.497,0.534,0.556,0.575,0.605,0.622,0.645,
M19,0.260,0.332,0.414,0.474,0.518,0.558,0.581,0.598,0.621,0.640,0.657,
M20,0.258,0.323,0.417,0.485,0.534,0.567,0.596,0.619,0.642,0.665,0.680,
M21,0.257,0.335,0.432,0.501,0.549,0.586,0.605,0.623,0.642,0.666,0.685,
M22,0.263,0.359,0.451,0.515,0.558,0.589,0.605,0.621,0.645,0.666,0.691,
M23,0.267,0.341,0.415,0.481,0.532,0.569,0.600,0.625,0.649,0.678,0.701,
M24,0.265,0.339,0.390,0.443,0.485,0.514,0.535,0.560,0.581,0.604,0.622,
N1,0.255,0.322,0.384,0.441,0.478,0.506,0.529,0.549,0.569,0.585,0.606,
N2,0.265,0.337,0.393,0.443,0.487,0.515,0.540,0.561,0.583,0.599,0.622,
N3,0.268,0.332,0.382,0.425,0.456,0.476,0.491,0.506,0.523,0.538,0.556,
N4,0.276,0.317,0.368,0.413,0.441,0.462,0.476,0.489,0.506,0.518,0.536,
N5,0.260,0.315,0.367,0.411,0.439,0.462,0.478,0.497,0.512,0.530,0.547,
N6,0.267,0.320,0.370,0.415,0.443,0.465,0.482,0.495,0.512,0.531,0.544,
N7,0.286,0.326,0.376,0.421,0.455,0.472,0.488,0.501,0.516,0.534,0.547,
N8,0.276,0.304,0.357,0.399,0.427,0.448,0.463,0.480,0.492,0.509,0.523,
N9,0.269,0.309,0.361,0.404,0.435,0.453,0.469,0.485,0.500,0.517,0.530,
N10,0.285,0.314,0.368,0.408,0.437,0.458,0.470,0.486,0.497,0.515,0.524,
N11,0.266,0.312,0.366,0.407,0.440,0.456,0.475,0.489,0.506,0.525,0.532,
N12,0.277,0.310,0.364,0.407,0.440,0.457,0.473,0.486,0.504,0.518,0.528,
N13,0.263,0.299,0.356,0.403,0.433,0.453,0.470,0.482,0.499,0.516,0.527,
N14,0.259,0.311,0.365,0.407,0.441,0.462,0.477,0.492,0.510,0.523,0.535,
N15,0.269,0.313,0.367,0.411,0.443,0.465,0.479,0.494,0.509,0.527,0.537,
N16,0.255,0.312,0.366,0.408,0.440,0.460,0.475,0.490,0.504,0.522,0.535,
N17,0.279,0.332,0.386,0.426,0.455,0.473,0.486,0.500,0.515,0.530,0.540,
N18,0.248,0.303,0.358,0.403,0.433,0.454,0.467,0.479,0.495,0.511,0.522,
N19,0.254,0.318,0.368,0.411,0.443,0.470,0.484,0.494,0.519,0.531,0.546,
N20,0.244,0.312,0.381,0.432,0.468,0.509,0.526,0.543,0.566,0.579,0.597,
N21,0.268,0.333,0.413,0.472,0.518,0.554,0.579,0.600,0.625,0.642,0.657,
N22,0.272,0.339,0.424,0.487,0.535,0.576,0.600,0.620,0.642,0.657,0.678,
N23,0.262,0.331,0.390,0.446,0.491,0.525,0.549,0.572,0.598,0.624,0.646,
N24,0.272,0.340,0.385,0.440,0.478,0.507,0.525,0.549,0.572,0.593,0.610,
O1,0.248,0.316,0.389,0.442,0.480,0.511,0.528,0.548,0.569,0.586,0.611,
O2,0.253,0.333,0.396,0.447,0.485,0.513,0.534,0.554,0.574,0.591,0.613,
O3,0.261,0.320,0.380,0.435,0.471,0.498,0.523,0.545,0.563,0.579,0.604,
O4,0.269,0.333,0.395,0.449,0.487,0.510,0.534,0.556,0.574,0.595,0.616,
O5,0.270,0.323,0.382,0.436,0.478,0.502,0.531,0.550,0.571,0.587,0.610,
O6,0.264,0.320,0.377,0.437,0.476,0.502,0.527,0.548,0.567,0.587,0.605,
O7,0.265,0.329,0.385,0.439,0.482,0.505,0.531,0.551,0.570,0.590,0.611,
O8,0.258,0.323,0.383,0.438,0.481,0.504,0.528,0.551,0.571,0.591,0.612,
O9,0.260,0.315,0.379,0.438,0.483,0.507,0.533,0.556,0.576,0.600,0.622,
O10,0.254,0.316,0.378,0.435,0.481,0.503,0.529,0.554,0.572,0.594,0.614,
O11,0.246,0.311,0.382,0.433,0.478,0.500,0.527,0.549,0.568,0.592,0.609,
O12,0.263,0.329,0.392,0.449,0.499,0.521,0.547,0.578,0.591,0.613,0.632,
O13,0.257,0.310,0.372,0.431,0.482,0.508,0.535,0.560,0.577,0.599,0.619,
O14,0.236,0.306,0.369,0.429,0.471,0.495,0.520,0.542,0.561,0.584,0.603,
O15,0.233,0.295,0.361,0.418,0.465,0.489,0.516,0.539,0.557,0.578,0.597,
O16,0.242,0.310,0.371,0.423,0.471,0.498,0.523,0.544,0.564,0.584,0.603,
O17,0.251,0.311,0.370,0.425,0.470,0.498,0.520,0.542,0.561,0.581,0.599,
O18,0.248,0.313,0.372,0.426,0.469,0.496,0.520,0.542,0.561,0.580,0.599,
O19,0.249,0.314,0.373,0.426,0.471,0.498,0.523,0.542,0.564,0.586,0.603,
O20,0.251,0.317,0.376,0.425,0.469,0.497,0.522,0.541,0.563,0.583,0.602,
O21,0.264,0.330,0.381,0.433,0.476,0.506,0.529,0.549,0.570,0.587,0.608,
O22,0.266,0.340,0.388,0.439,0.482,0.509,0.531,0.570,0.578,0.598,0.618,
O23,0.258,0.329,0.383,0.436,0.477,0.506,0.528,0.553,0.572,0.595,0.613,
O24,0.246,0.314,0.366,0.422,0.461,0.491,0.512,0.537,0.558,0.580,0.599,
P1,0.224,0.314,0.373,0.445,0.503,0.545,0.570,0.590,0.602,0.620,0.644,
P2,0.237,0.299,0.357,0.413,0.455,0.485,0.505,0.525,0.543,0.561,0.584,
P3,0.232,0.300,0.358,0.411,0.455,0.484,0.505,0.527,0.543,0.564,0.584,
P4,0.283,0.341,0.390,0.446,0.494,0.522,0.540,0.561,0.580,0.600,0.618,
P5,0.274,0.346,0.400,0.453,0.500,0.528,0.548,0.567,0.586,0.606,0.622,
P6,0.256,0.314,0.369,0.429,0.473,0.501,0.524,0.546,0.566,0.585,0.604,
P7,0.256,0.322,0.378,0.436,0.484,0.509,0.533,0.556,0.574,0.597,0.617,
P8,0.260,0.319,0.371,0.434,0.478,0.504,0.525,0.550,0.564,0.587,0.608,
P9,0.248,0.323,0.380,0.439,0.485,0.512,0.536,0.559,0.578,0.599,0.620,
P10,0.248,0.306,0.364,0.422,0.468,0.495,0.517,0.541,0.557,0.579,0.597,
P11,0.244,0.308,0.358,0.422,0.477,0.510,0.535,0.561,0.579,0.601,0.623,
P12,0.250,0.315,0.370,0.432,0.475,0.501,0.527,0.554,0.571,0.592,0.618,
P13,0.253,0.315,0.374,0.440,0.487,0.512,0.539,0.565,0.581,0.600,0.622,
P14,0.241,0.305,0.364,0.420,0.470,0.497,0.520,0.542,0.560,0.583,0.602,
P15,0.239,0.307,0.366,0.419,0.468,0.498,0.520,0.544,0.560,0.584,0.599,
P16,0.251,0.307,0.367,0.421,0.469,0.495,0.517,0.538,0.557,0.577,0.593,
P17,0.242,0.306,0.367,0.419,0.467,0.493,0.519,0.541,0.560,0.583,0.600,
P18,0.258,0.313,0.369,0.426,0.472,0.501,0.524,0.545,0.563,0.586,0.603,
P19,0.252,0.317,0.374,0.425,0.472,0.501,0.524,0.545,0.566,0.590,0.608,
P20,0.257,0.322,0.374,0.423,0.471,0.501,0.523,0.542,0.563,0.584,0.604,
P21,0.251,0.320,0.373,0.426,0.472,0.502,0.525,0.546,0.567,0.589,0.608,
P22,0.256,0.329,0.385,0.437,0.481,0.508,0.532,0.555,0.574,0.597,0.619,
P23,0.249,0.322,0.374,0.428,0.473,0.503,0.521,0.545,0.566,0.587,0.608,
P24,0.258,0.338,0.383,0.437,0.478,0.512,0.528,0.550,0.576,0.601,0.615,

